1              Expressway                         75   
547616.4278741773 3386122.7359730317
547632.1112596706 3386132.6511868634
547711.4374514744 3386181.874527786
547781.7855050415 3386224.455881276
547836.7860998581 3386257.105307004
547904.8015534709 3386296.3158883443
547906.2468626327 3386297.2299449923
547963.6607233541 3386330.239843934
548035.883313247 3386369.8988649114
548046.418375155 3386375.4115636107
548056.3688817754 3386380.45288837
548099.610340854 3386403.1570516895
548132.2821477161 3386420.348442874
548155.9344865235 3386432.6522756633
548181.2389058652 3386445.911075711
548216.0811341042 3386463.850501535
548239.5631552293 3386475.6151618683
548260.6003143965 3386486.2019708683
548279.5372092121 3386495.7221710104
548290.4153147759 3386501.63561073
548299.9880662357 3386506.2166675455
548310.8006647845 3386511.3418851853
548319.856994418 3386515.651347503
548320.5111607548 3386515.9834218672
548348.9888369818 3386529.4862443986
548481.528589487 3386592.179659744
548603.1846841142 3386649.928420971
548603.8733857468 3386650.250694459
548604.5275803368 3386650.5728124757
548622.329477128 3386659.1310025128
548629.1130942033 3386662.3233634653
548639.7009788468 3386667.281004914
548752.5273388316 3386720.1116923993
548865.6075053615 3386773.6156550935
548877.5560316972 3386779.245302297
548888.9536612573 3386784.6031659376
548897.803175438 3386788.7625746867
548981.0974408794 3386828.139152129
549038.3621530605 3386854.6810571332
549140.6295346678 3386902.6630356438
549160.4407680888 3386912.0745400465
549175.543926875 3386919.249481498
549187.6293401248 3386925.0596364685
549191.2790749454 3386926.8117722953
549194.3778934499 3386928.3020703816
549215.484452278 3386938.41234158
549253.4640519569 3386956.239844837
549308.8669832367 3386982.146344681
549346.951348307 3386999.6355443257
549408.657666031 3387027.9153208397
549444.9157418871 3387044.7781128525
549457.7515368211 3387052.437220943
549463.6357781304 3387056.0050070086
549478.5463286091 3387062.7061726144
549514.9402344598 3387079.998713346
549555.570239396 3387099.0463355263
549629.5010435199 3387132.5701070493
549740.5051376529 3387185.4654524545
549840.6318165694 3387232.4070222066
549937.0439789491 3387276.549566729
549971.7511111741 3387292.668900218
550005.9413994583 3387308.6064170403
550043.850664444 3387326.1671328526
550162.8451204002 3387381.417990336
550259.1198124868 3387424.8845932493
550288.7321671713 3387438.2283697873
550385.2278014986 3387478.5054405676
550476.904219484 3387516.177535203
550575.1373950184 3387553.542059297
550663.5549891404 3387586.8717216677
550705.4423496148 3387601.870209766
550786.4970712502 3387630.548260271
550837.7589555078 3387647.7558154794
550929.846300177 3387678.1626388314
550934.5802489085 3387679.660395632
2              Expressway                         18   
550987.516474696 3387687.9946403503
551051.1609022071 3387708.050332109
551166.0513994095 3387746.396881139
551177.5241477551 3387750.022070576
551180.2112608636 3387750.912549059
551182.5195917658 3387751.64164408
551184.6556412213 3387752.3200510736
551185.2068461439 3387752.502202162
551192.5447895174 3387754.9208574984
551211.6311049837 3387761.0458460357
551281.2931553059 3387783.2701734565
551287.9424111489 3387785.386395183
551404.0139557355 3387821.736336138
551552.6097387316 3387867.8780306606
551573.140929711 3387874.8184811086
551575.6896814855 3387875.768242258
551581.6146400643 3387877.801389245
551582.2637736417 3387878.0260316115
3              Expressway                         6    
551611.0132043333 3387887.9077974074
551617.5776194779 3387890.1619050927
551632.4303761523 3387894.0132264365
551638.9421068011 3387895.9993452085
551646.4528013883 3387898.329374059
551703.189689726 3387916.320709705
4              Expressway                         25   
549432.2139290523 3387030.077273297
549448.6402870315 3387037.7235740097
549461.8545991597 3387045.613826265
549467.3603776771 3387048.940500547
549481.8921507307 3387055.4703737097
549518.3204443699 3387072.7930053645
549558.9161028856 3387091.8105596253
549632.8814526661 3387125.334512069
549743.9199734199 3387178.259971758
549843.9778335457 3387225.171331448
549940.3900481359 3387269.3139047776
549975.1317041065 3387285.4334085556
550009.2874595269 3387301.3807495334
550047.1967912514 3387318.9315027967
550166.1568530794 3387374.1722614034
550262.3971860792 3387417.618784162
550291.906275936 3387430.9122171383
550388.2641802783 3387471.1388007905
550479.8373718526 3387508.760566115
550577.9672803723 3387546.0847346573
550666.3160602523 3387579.3841732442
550708.1345320872 3387594.3623992354
550789.0858858706 3387623.020033616
550840.2789355384 3387640.1973534506
550932.2974722482 3387670.5739495694
5              Expressway                         50   
547630.0423613751 3386121.908471188
547636.3512181975 3386125.897543225
547715.6086010339 3386175.080713828
547785.887843519 3386217.6218926543
547840.8196220335 3386250.2311372347
547908.9728719929 3386289.5021994202
547910.3836736203 3386290.4161033253
547967.591131644 3386323.2854691045
548039.6415261477 3386362.8739302186
548050.0733360919 3386368.3263282324
548060.0238476704 3386373.367656246
548103.3342101739 3386396.1020630714
548135.9715696906 3386413.283337318
548159.62396462 3386425.5772040864
548184.8938887113 3386438.835858342
548219.701760361 3386456.7452197704
548243.1493749671 3386468.4897856773
548264.1865447831 3386479.0766014415
548283.2267038072 3386488.6571141845
548294.0359782822 3386494.5303530768
548303.4366439851 3386499.010901802
548314.2147407827 3386504.135968197
548323.3743741078 3386508.495766345
548324.0285407789 3386508.827840915
548352.4029332342 3386522.280339069
548484.9427560897 3386584.9737948566
548606.5989152358 3386642.722593215
548607.2875273305 3386643.0648146127
548607.9762292756 3386643.387088355
548625.7436733962 3386651.935154445
548632.4928770342 3386655.107414163
548755.9071876492 3386712.8957803627
548869.0218759292 3386766.409907422
548880.9359472079 3386772.02942801
548892.3335828444 3386777.387295085
548901.2175631239 3386781.556836834
548918.8013877245 3386789.8706155876
548984.4774116279 3386820.923309104
549041.7421998819 3386847.455257536
549144.0440970307 3386895.4473980423
549178.9929229972 3386912.0539596295
549191.0782971076 3386917.874092181
549194.7280338487 3386919.62622914
549197.8268539906 3386921.116528181
549218.8989632962 3386931.2166745337
549247.099629522 3386944.4513507523
549256.8441682034 3386949.024084049
549312.2127143603 3386974.910495101
549350.2626397349 3386992.389574351
549358.0404978602 3386995.9521507355
6              Expressway                         18   
550987.6353893174 3387696.3909633365
551048.7097011289 3387715.629021868
551163.5656216068 3387753.975382401
551175.0728661848 3387757.6007331167
551177.7599775811 3387758.4912110223
551180.1027158598 3387759.240417128
551182.238716599 3387759.928797557
551182.7555123112 3387760.0908369306
551190.0589948037 3387762.4993529744
551209.2142104042 3387768.644612905
551278.8762159474 3387790.868925535
551285.5599235324 3387792.9952838854
551401.665896514 3387829.3453650996
551550.1582167973 3387875.456612372
551570.4481587202 3387882.3360596253
551572.9969566413 3387883.2758462816
551578.9907747257 3387885.3392437077
551580.2116309468 3387885.761781783
7              Expressway                         6    
551611.6948486182 3387896.5760231894
551615.26378231 3387897.80097699
551630.4266751135 3387901.733573728
551636.6299754851 3387903.27935263
551656.1724537846 3387907.7117231656
551700.0094153653 3387921.6114685195
8              Expressway                         3    
551580.2116309468 3387885.761781783
551583.2277448524 3387886.8057645936
551611.6948486182 3387896.5760231894
9              Expressway                         3    
551582.2637736417 3387878.0260316115
551585.851612842 3387879.2679111115
551611.0132043333 3387887.9077974074
10             Expressway                         7    
550932.2974722482 3387670.5739495694
550939.9116502353 3387672.973787461
550954.4509100508 3387677.5607663747
550958.8608919764 3387678.9580373988
550970.4371481575 3387682.6134151435
550977.637877237 3387684.881661898
550987.516474696 3387687.9946403503
11             Expressway                         7    
550934.5802489085 3387679.660395632
550937.4948828472 3387680.582585871
550952.034133296 3387685.169561699
550956.4441595146 3387686.5568579016
550968.0204082493 3387690.212233194
550975.2211326935 3387692.4804784195
550987.6353893174 3387696.3909633365
