1              Groad                              5    
553387.7038302155 3400679.2769956924
553457.9650587997 3400701.839628094
553488.0031991194 3400711.4848791286
553633.4055862156 3400724.7133598975
553682.309600886 3400729.1625967585
2              Groad                              26   
553561.6171160194 3399825.7670412133
553515.9556207171 3400033.589355446
553469.5432107795 3400239.782223591
553463.828019422 3400265.172766674
553463.808535344 3400265.259667906
553462.5036217789 3400271.0932461144
553462.4885428364 3400271.1606639433
553456.5432142725 3400297.5746499123
553436.6546459759 3400385.936243616
553435.5052917597 3400392.4498517993
553414.0683651487 3400513.9363956545
553407.3609776633 3400551.9463210925
553394.4285180426 3400625.2373946337
553386.4377838206 3400670.523209249
553387.7038302155 3400679.2769956924
553392.2193051181 3400672.187764586
553405.0119968314 3400599.691719186
553413.1088432982 3400553.8071022113
553420.0525786865 3400514.457917484
553441.5477553197 3400392.649171037
553442.5071778201 3400387.2121774247
553468.0588175599 3400273.7617896656
553468.8388089343 3400270.2751047662
553469.3982969794 3400267.773893031
553521.8080386799 3400034.9251737488
553567.4296896949 3399827.262383102
3              Groad                              28   
553575.1480822782 3399792.129562361
553579.2571081799 3399773.425721795
553630.2499735608 3399542.2362411576
553669.6515612216 3399368.660582797
553707.3524514446 3399197.6798754963
553719.3574176562 3399142.8945010076
553724.4918718259 3399119.463041816
553735.7829019246 3399067.9366033166
553742.260078873 3399037.959857859
553759.5656201676 3398957.8694134797
553774.6186349452 3398890.9972043615
553789.2587211999 3398810.258657552
553792.7070787683 3398781.893253498
553796.592658191 3398749.930867144
553794.2506109063 3398742.6777845672
553790.7033000498 3398748.9538043546
553783.3345277758 3398809.361218095
553768.7649195131 3398889.8008956
553753.7123892442 3398956.583345752
553736.367462406 3399036.8420565813
553729.9298285439 3399066.6305994214
553718.7128863748 3399117.8025502074
553713.4980601112 3399141.589360356
553701.4996954519 3399196.3240155824
553663.7987948752 3399367.324689992
553624.3970487549 3399540.950238593
553573.3691424428 3399772.279209924
553569.3917030264 3399790.3820360056
4              Groad                              32   
548441.6418160258 3387660.594183494
548570.4859526478 3387700.5096176076
548598.7391909321 3387709.2622972946
548737.318708649 3387752.336879811
548840.4100384252 3387784.3436722714
548871.6517929656 3387792.7522139526
548871.9101622987 3387792.821763068
548899.3520186236 3387800.1944745313
548964.526258804 3387820.909450751
549130.8836525431 3387873.7844500695
549155.9534530592 3387881.8361097053
549179.3245785505 3387888.85806794
549179.3479326161 3387888.8650455135
549405.107197157 3387955.965018025
549484.7135568627 3387979.373292346
549489.8585603356 3387980.886154093
549490.0449150796 3387980.940980554
549521.4693445626 3387990.271432747
549569.4449154913 3388004.8783429097
549707.5820192342 3388046.759088193
549765.7371698538 3388064.361173088
549897.735018437 3388103.2108482453
549911.7504867289 3388107.6187899564
549911.8853317943 3388107.6611947212
550087.3275069208 3388161.6683024876
550262.6938248716 3388214.807208108
550421.9701206803 3388262.466535705
550456.4419840263 3388274.4530402618
550494.3620579652 3388287.638517626
550500.8601259973 3388289.8921900745
550526.8452919448 3388298.9042265075
550527.433275657 3388299.1081273877
5              Groad                              40   
548440.2479421557 3387644.4652872575
548538.2136643587 3387674.8146981006
548603.1829247951 3387694.941836192
548648.122106303 3387708.9102982148
548741.7668221813 3387738.017821745
548753.3781573332 3387741.6227577385
548844.5830149192 3387769.9391818186
548875.8038434507 3387778.3422095533
548876.0621177667 3387778.411647503
548903.570253077 3387785.8019578545
549135.4401065846 3387859.49950607
549135.447092956 3387859.501754378
549160.4036104826 3387867.517000643
549183.5944419529 3387874.484728564
549183.6177960472 3387874.4917061464
549214.7737827232 3387883.7518718718
549398.7502237553 3387938.433249931
549409.3580040273 3387941.586133379
549409.4723826078 3387941.619793766
549488.9435001921 3387964.9883566755
549494.2937202596 3387966.561674589
549494.4798815057 3387966.6169435214
549525.7869107298 3387975.9124023938
549573.8036950284 3387990.5319321826
549573.8277179917 3387990.5392461685
549711.9291000391 3388032.409129215
549734.2814591104 3388039.1745964237
549770.0257483962 3388049.993455771
549902.101286433 3388088.865925767
549916.3402377133 3388093.344172219
549916.4753740615 3388093.385802625
550091.7074025859 3388147.328169452
550267.0170852027 3388200.450032184
550426.5837606143 3388248.1961117545
550499.2808275067 3388273.4741695146
550501.8868135875 3388274.377953762
550519.7917965364 3388280.587736658
550539.3049362416 3388287.3553284314
550546.8694997899 3388289.978860278
550548.3920381297 3388290.5068706423
6              Groad                              36   
545679.6485055897 3389544.4290059134
545685.1029780125 3389543.5444957307
545701.6335580997 3389542.1484209257
545715.196288543 3389540.9891288383
545747.3578213755 3389538.8316157097
545767.9225664722 3389537.9415016673
545788.4846450598 3389537.6797806495
545796.902639077 3389537.8297084956
545809.0785511788 3389538.0465993634
545829.6353283841 3389539.031690677
545850.1549731329 3389540.6350544165
545870.6374818858 3389542.856690422
545891.0138134265 3389545.7062784997
545911.3185468521 3389549.1640173676
545933.9300995655 3389553.6888794145
545945.2035764107 3389556.3329751897
545956.3659977453 3389558.951119883
545978.626194431 3389564.9607116263
546000.6763154685 3389571.6875847117
546022.4817740535 3389579.1515382947
546044.0426940392 3389587.3226493355
546065.3246168791 3389596.190795068
546086.2929989442 3389605.7658002027
546106.9479222575 3389616.02771522
546127.2549290229 3389626.966416822
546147.1796045013 3389638.5618075784
546161.906940814 3389647.382124856
546184.7893278695 3389661.08481286
546211.6286979208 3389677.1683755494
546269.7614520116 3389716.426444182
546280.7364586104 3389723.3556892057
546285.1746246521 3389726.157519539
546312.3749436857 3389743.20173037
546318.7195028814 3389747.177405954
546319.8892700805 3389747.9105420285
546324.4457937622 3389750.794131069
7              Groad                              35   
546315.3996349094 3389768.741348991
546310.1179706206 3389765.395728689
546309.2257630338 3389764.8305752585
546304.1000053304 3389761.618615674
546274.5111518938 3389743.077586221
546269.0449652014 3389739.6275745733
546258.8227461815 3389733.1757847625
546200.8964717627 3389694.048321662
546174.538892674 3389678.246123529
546151.6565298471 3389664.5434566843
546136.8602999934 3389655.7029097974
546117.4862365866 3389644.42906436
546097.7643854344 3389633.8020800897
546077.7292038365 3389623.832080269
546057.3461546104 3389614.5288929753
546036.6496955289 3389605.9026413998
546030.9322835675 3389603.733789416
546015.7087821153 3389597.963595857
545994.5233753147 3389590.721731587
545973.0934787921 3389584.177049953
545951.4535513099 3389578.339673378
545929.6725068378 3389573.2298449376
545907.6813970477 3389568.837297547
545885.1702578139 3389565.0410236223
545862.5522565241 3389562.0322921807
545839.8273980706 3389559.8111038203
545817.0647249576 3389558.3677787124
545794.2296597434 3389557.7221181225
545790.2967660615 3389557.7452977365
545771.3912450154 3389557.8644417133
545748.5840257403 3389558.784922062
545716.6985749272 3389560.9336281046
545703.3428970387 3389562.08382224
545687.5371343051 3389563.4031753074
545683.5325839992 3389564.054455063
8              Groad                              8    
542648.0859139787 3390462.3295011856
542687.3951478723 3390446.724402005
542741.0880877343 3390424.685315246
542794.507749533 3390402.0270184767
542847.6541803255 3390378.7395337396
542938.2861600972 3390340.96979992
543029.123404259 3390303.7901081736
543051.8084323074 3390294.674074096
9              Groad                              6    
543058.3567749057 3390314.1818405823
542854.0118832666 3390393.4266364584
542800.6927194338 3390416.793195116
542747.0658322314 3390439.5304304115
542693.2002034995 3390461.638620452
542654.6978480676 3390476.9210758116
10             Groad                              26   
543206.4092908817 3387931.7001243522
543189.5821788093 3387764.4053669125
543189.2173588093 3387760.7785826176
543177.5803652793 3387637.9946426833
543166.8690029967 3387532.8646295187
543154.5707139119 3387407.1053128736
543143.8593521088 3387303.958855611
543135.1315724753 3387216.284461984
543129.9742765673 3387171.058658087
543124.9491771699 3387131.7836422245
543119.6596522955 3387098.988442619
543108.287063607 3387049.531004937
543098.7658202462 3387009.06587305
543092.6076033869 3386989.0892107566
543087.9222870513 3386973.8903201222
543069.4087861697 3386923.3749810597
543058.5320766093 3386896.677541937
543054.8625142284 3386887.670466914
543031.3239460078 3386837.684154426
543030.1092873337 3386835.455555157
543000.9089920165 3386781.879259026
542966.7708174206 3386723.973956193
542959.1214773516 3386710.999154454
542920.2357437781 3386646.53084861
542918.9207758459 3386644.350736381
542900.061855595 3386613.0693745273
11             Groad                              13   
545382.0161597335 3389631.0867140056
545355.5942707806 3389637.5767108034
545318.6775644101 3389646.644573717
545266.7370009358 3389659.9111114987
545232.8926523487 3389668.5959850033
545232.6784379522 3389668.651272693
545197.8048715302 3389677.654760852
545185.0266943715 3389680.992332756
545132.3272833767 3389694.3161752527
545056.980824173 3389711.6348871617
545048.1753157957 3389713.692610974
544981.0465003594 3389729.3506295444
544779.7154061407 3389780.706786785
12             Groad                              16   
544767.5677662359 3389763.076945166
544963.53087661 3389710.6260532816
544992.676594283 3389703.5165605973
545040.1909914243 3389692.613999422
545043.9548472222 3389691.752020579
545119.6124818551 3389674.294882831
545128.7633429825 3389672.158871127
545173.3449664926 3389661.4341149474
545188.0563886142 3389657.775494419
545221.6445345402 3389649.4223161847
545223.5917684764 3389648.937994043
545255.915356675 3389640.9448852157
545314.9680700421 3389626.3716856195
545355.5451089238 3389616.4088099524
545377.7157817163 3389610.9566024346
545381.0641058158 3389610.159151492
13             Groad                              17   
544367.1135070054 3389866.7802711385
544365.0127920172 3389865.903878349
544347.934331319 3389858.1036795736
544339.5689910225 3389853.860202117
544331.1691476105 3389849.6165892947
544314.7860674665 3389840.482785378
544298.7713345397 3389830.7147325305
544298.7505922246 3389830.7021242813
544298.2319155503 3389839.3873733613
544297.0235538079 3389848.009942286
544295.160292267 3389856.5001560743
544292.6077589202 3389864.827951609
544291.0387243066 3389868.8809315176
544289.4352353467 3389872.9237959688
544285.6083902686 3389880.7476524073
544281.1964637806 3389888.239962019
544280.43294972 3389889.353915128
14             Groad                              16   
543238.702006391 3388277.2849382195
543239.8427290412 3388274.5898599275
543241.1877981873 3388272.0236826804
543242.72638747 3388269.6071097367
543244.4460899767 3388267.3596279137
543246.3330383298 3388265.299360509
543248.3720165107 3388263.442921155
543250.5465825588 3388261.805279852
543252.8392011572 3388260.3996422496
543255.2313850339 3388259.2373431623
543257.7038440403 3388258.3277551644
543260.2366407028 3388257.678213013
543262.809350996 3388257.2939545014
543265.4012290381 3388257.178078223
543267.9913743816 3388257.3315185835
543270.5589002835 3388257.7530399025
15             Groad                              13   
543245.3494925488 3388231.3792551896
543242.8622779523 3388227.6484223437
543239.9530231211 3388210.457321594
543231.2252514982 3388125.5599188968
543223.5554223526 3388048.5967658856
543216.6790263864 3387972.42708174
543206.4092908817 3387931.7001243522
543203.7645672365 3387976.0001945063
543207.4010967151 3388014.018888627
543214.6742440319 3388101.2966449363
543225.9145742622 3388214.6916044517
543235.5018678292 3388252.6442019986
543238.702006391 3388277.2849382195
16             Groad                              8    
546280.7364586104 3389723.3556892057
546286.0391938194 3389725.662531146
546291.5860205129 3389727.3620069255
546297.2736627153 3389728.4038027613
546303.0675814985 3389728.797744467
546308.864329619 3389728.5334134395
546314.5949140257 3389727.6105130585
546320.0765519174 3389726.0610608743
17             Groad                              60   
546612.525536589 3389086.8440229096
546614.8919039986 3389080.6480693086
546622.6222640298 3389058.7843598295
546629.9376951882 3389036.56677629
546631.4126566362 3389032.4935485492
546633.790012875 3389026.022251976
546654.0217188096 3388959.6915931744
546668.9068538685 3388895.3567884625
546673.9994977869 3388860.5289441114
546674.8841937843 3388852.6635796027
546676.802151907 3388836.1541884076
546676.8284570565 3388835.789473612
546678.7303677412 3388811.1936048693
546679.4597017926 3388801.7619742434
546683.3945924204 3388746.744077544
546683.1319565393 3388740.27255012
546683.1170506981 3388739.9525401024
546677.484202612 3388618.6771388385
546675.7434546464 3388581.3833840885
546675.5431605099 3388572.110196096
546674.0680726508 3388546.8070676806
546672.2145426637 3388488.079483953
546672.2088525242 3388487.910676232
546672.1682588985 3388486.705967781
546675.7610366329 3388448.022992913
546678.5150084693 3388420.4377253265
546682.0393029448 3388392.862334231
546686.2235461791 3388365.379126784
546691.172528748 3388338.0246858257
546696.8143635727 3388310.80202554
546703.1517217226 3388283.7373126512
546710.2171101387 3388256.849861493
546717.9636350257 3388230.080955734
546727.1705150902 3388203.1583585986
546736.968923966 3388176.533566168
546747.3206056328 3388150.144685793
546758.2633574632 3388123.9842361747
546769.7956435877 3388098.0757067874
546781.9596920155 3388072.3403769233
546797.7644355053 3388042.7672274723
546813.994971485 3388013.574852995
546830.7099002571 3387984.6440430274
546847.9073573797 3387956.007484352
546865.7010409159 3387927.4167656843
546883.1618071203 3387904.347145494
546908.3061913827 3387873.356130617
546935.3381989733 3387843.371460962
546958.4269910806 3387818.3936066213
546992.8100441816 3387783.2661243803
547031.3176853765 3387744.8485741387
547094.0162281706 3387684.3345834226
547162.3716255563 3387616.962274824
547162.6097753043 3387616.7274858872
547162.8196924813 3387616.5269284938
547212.6425075774 3387567.4946058034
547237.2650290914 3387541.92450303
547259.9089805004 3387515.3764159214
547286.5814219897 3387477.7211046675
547323.6189014436 3387419.406893998
547350.9234779617 3387368.2108699814
18             Groad                              3    
547371.422254502 3387361.6374760284
547357.9825512944 3387354.974954113
547350.9234779617 3387368.2108699814
19             Groad                              29   
547371.422254502 3387361.6374760284
547423.8658623418 3387387.6356315315
547450.65043513 3387395.877003894
547501.6378846583 3387409.404237368
547523.443951031 3387410.811142241
547533.6804552395 3387411.471554877
547587.7174675151 3387414.6501614894
547624.4911419117 3387417.8478572546
547643.5848334295 3387420.3936979407
547688.4085078367 3387426.3701621336
547736.8538169701 3387436.485234106
547801.9774448856 3387450.884394686
547822.6080133432 3387457.069253326
547825.8948439535 3387458.0776917185
547936.2626776134 3387491.938139644
548048.1784674543 3387526.1574944067
548149.9720518884 3387557.2709986214
548171.3760321238 3387563.813179092
548179.7189831048 3387566.2174145235
548195.5116817367 3387570.768460072
548195.6927897505 3387570.8206915054
548235.7092073475 3387582.487333127
548300.8829036294 3387601.488357293
548303.7301951167 3387602.3253039923
548423.7534760024 3387639.358607146
548433.5870524215 3387642.392783262
548438.6848591403 3387643.9810606027
548438.6964403198 3387643.9846589714
548440.2479421557 3387644.4652872575
20             Groad                              62   
546626.3526743682 3389092.665193686
546628.9659319491 3389085.8227734165
546636.8131300608 3389063.6286621084
546644.0701286201 3389041.5883728852
546644.1107204929 3389041.465091944
546645.4989753739 3389037.631311343
546648.0091958767 3389030.798423821
546668.51376493 3388963.573301496
546683.6538857387 3388898.136045953
546688.8718039005 3388862.452089966
546689.7812307945 3388854.36673949
546691.7336604786 3388837.559608137
546691.7807625999 3388836.907287425
546694.4124598282 3388802.8746949844
546698.4102799576 3388746.975590433
546698.1118051411 3388739.620649384
546692.4619247259 3388617.9797809864
546690.7298146343 3388580.8720210455
546690.5278013926 3388571.511940055
546689.0482803558 3388546.134095276
546687.2121857186 3388487.957926472
546687.200550755 3388487.59072023
546687.1856938968 3388487.1486946633
546690.6860417661 3388449.461176829
546693.4142108583 3388422.1331310347
546696.8895363605 3388394.9414219847
546701.0152223088 3388367.842742481
546705.8931513173 3388340.881198835
546711.4573016459 3388314.033233052
546717.7047623603 3388287.352471696
546724.6716659261 3388260.8398482474
546732.2670233648 3388234.593380093
546741.3017322319 3388208.1740696635
546750.9853436201 3388181.861200763
546761.2178521354 3388155.7762462073
546772.0304730674 3388129.926657233
546772.3548952618 3388129.1978539955
546783.4245759059 3388104.3289540354
546795.3578528563 3388079.081808568
546810.9297530696 3388049.944308398
546827.0397612924 3388020.968863627
546831.1846682176 3388013.7946972977
546843.6293693135 3387992.2547411327
546860.7001869269 3387963.8291016193
546878.0696020363 3387935.9201129014
546881.1034040337 3387931.9117716495
546894.9647236526 3387913.5976564097
546919.7040209635 3387883.1062672837
546946.4122469351 3387853.4806111064
546969.2920786559 3387828.7286129
547003.4629497956 3387793.8178954357
547041.8196506635 3387755.5511078574
547104.4854672601 3387695.0687296693
547173.0512919847 3387627.4888388594
547173.2571662487 3387627.2922535962
547223.3033077726 3387578.0399761335
547248.3793323449 3387551.9988933685
547271.7545257945 3387524.5936076795
547299.0355506894 3387486.0792373084
547305.0338815615 3387476.635087464
547336.580932331 3387426.9651631513
547364.3631682219 3387374.873494199
21             Groad                              12   
546304.1000053304 3389761.618615674
546312.3749436857 3389743.20173037
546320.0765519174 3389726.0610608743
546320.0923224812 3389726.025997824
546369.0995057491 3389618.1268712175
546390.2759276455 3389570.1939349505
546426.0342508354 3389490.7876642733
546431.6391727532 3389478.341141201
546434.8753468634 3389471.243030236
546488.3769100936 3389358.6849862495
546534.790920717 3389255.4493789608
546554.2439368874 3389215.5796644427
22             Groad                              13   
546315.3996349094 3389768.741348991
546324.4457937622 3389750.794131069
546333.1925560649 3389733.4408628102
546335.4908796714 3389728.3807110223
546382.7834049737 3389624.256876381
546403.969553891 3389576.302064752
546405.1477244766 3389573.6857348573
546445.2965163514 3389484.5296222405
546448.4686532395 3389477.571984184
546501.9871577165 3389364.978393013
546548.3697318991 3389261.812524317
546560.4990736005 3389236.953170713
546567.8458960045 3389221.895501169
23             Groad                              4    
547364.3631682219 3387374.873494199
547357.8430210284 3387371.6411905973
547351.1231737266 3387368.3099359064
547350.9234779617 3387368.2108699814
24             Groad                              2    
547364.3631682219 3387374.873494199
547371.422254502 3387361.6374760284
25             Groad                              26   
547364.3631682219 3387374.873494199
547364.5628642297 3387374.972449551
547418.294875904 3387401.6091478853
547446.5216024902 3387410.294381503
547499.209733647 3387424.272823309
547532.7575984715 3387426.437201935
547586.6276126985 3387429.6059807246
547612.57164692 3387431.8620584966
547622.8499407318 3387432.755801061
547685.8821102967 3387441.160035273
547733.706646226 3387451.1453459077
547798.3571237295 3387465.406411995
547818.2410389611 3387471.4131851383
547931.8716346229 3387506.274828804
548043.7949455316 3387540.4963909574
548167.1083667686 3387578.1875665127
548191.5185206296 3387585.221863285
548191.6994342532 3387585.2746479027
548296.6704069591 3387615.8784592887
548297.5555300604 3387616.1386470674
548299.405511551 3387616.6823204104
548425.1467382882 3387655.479961988
548429.1465879322 3387656.7142109475
548434.2362526797 3387658.3000116493
548434.2478338451 3387658.303610014
548441.6418160258 3387660.594183494
26             Groad                              33   
544224.5105863868 3389629.5001838324
544211.8224980938 3389620.524564963
544198.3341110756 3389596.3248689645
544179.6884493987 3389564.587504103
544151.5215801325 3389523.32895588
544127.7185048732 3389488.417764904
544100.7417993112 3389460.647674497
544061.0700210825 3389423.356170731
543996.4051435479 3389369.4027520814
543906.3503802378 3389297.2001753044
543802.8072382531 3389215.0797863533
543676.2545072184 3389111.9333427204
543569.1409523246 3389028.2260187394
543503.6826349244 3388972.685700234
543432.6702593237 3388914.368253815
543401.7263578235 3388884.217719633
543373.1627359975 3388850.8934884453
543349.3597065598 3388817.5693141017
543346.131706315 3388811.900625858
543333.0942464923 3388789.0056185103
543320.3993832477 3388765.5993419546
543307.704350586 3388739.812730167
543295.8029133076 3388708.0753983976
543289.0587264339 3388685.0657676943
543281.9177612446 3388653.7251497735
543275.1735551385 3388611.2764252317
543271.7470057686 3388583.521426165
543267.2392912661 3388547.0082422355
543257.7868269931 3388453.6649829797
543254.5443344949 3388421.645632754
543250.9314859724 3388386.5493725124
543243.4362708504 3388313.7386040934
543238.702006391 3388277.2849382195
27             Groad                              8    
544224.5105863868 3389629.5001838324
544256.5758321501 3389717.802279676
544272.3403940017 3389759.9774108487
544298.7713345397 3389830.7147325305
544304.824419175 3389846.9149573813
544311.7348012544 3389861.026714792
544320.8703258631 3389879.3068037727
544329.3529370064 3389897.8027567347
28             Groad                              41   
544224.5105863868 3389629.5001838324
544220.7434193604 3389599.7339679436
544214.3958920821 3389554.878541412
544209.5294961972 3389518.2747275545
544206.7789214711 3389504.5218924577
544197.2577477485 3389472.784488549
544190.2755324937 3389451.4146473445
544180.1195216898 3389430.044873758
544164.8856367152 3389401.4811981134
544149.6517064584 3389375.6681602723
544136.9567785962 3389356.2025977722
544121.0880226204 3389336.1022292306
544102.0456798251 3389316.8483231375
544047.6689220783 3389271.1464544754
543991.3880278156 3389224.598280969
543935.3187248905 3389177.203815813
543906.3318957298 3389152.2371693873
543888.5590094831 3389135.945349592
543867.4006906025 3389115.421765854
543843.2803774246 3389090.8782813447
543822.9684362769 3389067.181065772
543798.0016804027 3389039.8868476446
543774.7276399704 3389009.418964791
543745.1061338228 3388972.1804952365
543724.5825872902 3388941.077910824
543703.8475212218 3388910.39840629
543672.1101862276 3388858.5607020813
543631.9094675044 3388792.335456276
543553.0950759364 3388659.2765843347
543499.5382826546 3388567.6349038184
543456.6927712358 3388493.4488669136
543426.1455586395 3388441.4788906225
543403.1359742959 3388405.7743716263
543382.903449016 3388374.8304799437
543366.6380496434 3388355.391306405
543338.0743803293 3388320.4802422314
543306.7337557697 3388290.726403578
543272.2193766818 3388259.3857997605
543270.5589002835 3388257.7530399025
543248.4163054299 3388235.9794868496
543245.3494925488 3388231.3792551896
29             Groad                              5    
550501.8868135875 3388274.377953762
550508.1298166312 3388275.003880013
550524.1695909738 3388275.847060798
550524.3421003575 3388275.847869437
550531.1138606371 3388275.879614291
30             Groad                              8    
550456.4419840263 3388274.4530402618
550457.4064045248 3388275.973175928
550460.7221282903 3388282.6015313254
550463.3809121801 3388289.5260353633
550464.3985022351 3388293.2611157685
550465.3485823062 3388296.6767087784
550466.5564165408 3388303.9933847766
550466.7309840434 3388306.6658222456
31             Groad                              5    
546567.8458960045 3389221.895501169
546602.2717420122 3389151.2539104023
546611.7095664033 3389129.6122409534
546620.5997712668 3389107.809512101
546626.3526743682 3389092.665193686
32             Groad                              7    
546554.2439368874 3389215.5796644427
546554.3687610648 3389215.3237596694
546588.6543372647 3389144.969882189
546597.8935205161 3389123.7839324903
546606.6473225778 3389102.3157311194
546612.3406897439 3389087.32807326
546612.525536589 3389086.8440229096
33             Groad                              22   
544329.3529370064 3389897.8027567347
544292.7628038717 3389906.893850633
544273.5107863442 3389911.677270212
544155.7095019995 3389952.326655331
544139.9921275087 3389957.5285277893
544107.0050604078 3389968.4495104128
544088.41850285 3389974.602314403
544013.4272907929 3389998.771912183
543922.8860464306 3390029.541260674
543842.197201136 3390055.304601493
543788.4508510976 3390072.480682824
543779.64281429 3390075.2974518253
543767.2140970393 3390079.81216701
543765.6856628951 3390080.367383644
543760.3467746656 3390081.923029523
543654.717700151 3390112.701704453
543554.4286807406 3390140.3526473474
543470.4750141334 3390163.5023280787
543434.7979537479 3390174.060528647
543399.3250041598 3390185.347772614
543364.1250422664 3390197.3942572577
543340.1286898624 3390204.9140604152
34             Groad                              19   
544320.8703258631 3389879.3068037727
544280.43294972 3389889.353915128
544267.8286670092 3389892.4838274466
544149.3017521023 3389933.379653342
544082.2179124241 3389955.5863830526
544007.1229727088 3389979.78552354
543916.6161254165 3390010.5450926325
543836.1343332571 3390036.259454204
543782.3534435692 3390053.4254522496
543773.199947509 3390056.3605108373
543759.5191877318 3390061.3218597397
543759.4105903669 3390061.3526705117
543753.4736126725 3390063.0377689735
543704.0194648067 3390077.074925114
543426.0468412123 3390154.246753355
543405.0173295889 3390159.547962155
543384.1575450391 3390165.5381029737
543363.5365625985 3390172.1975048296
543343.1199302605 3390179.5160536575
35             Groad                              2    
548173.6894427148 3394012.9758811216
548245.0241753218 3394044.353333311
36             Groad                              3    
548166.9801473068 3394028.0422642594
548219.2795457655 3394048.3125534
548234.4807985827 3394054.967528967
37             Groad                              2    
548031.7610422771 3393963.0030555716
548123.3656863204 3393994.1288812063
38             Groad                              2    
548028.8520797757 3393974.507435219
548117.2743409183 3394008.77726039
39             Groad                              2    
553567.4296896949 3399827.262383102
553575.1480822782 3399792.129562361
40             Groad                              2    
553569.3917030264 3399790.3820360056
553561.6171160194 3399825.7670412133
41             Groad                              14   
553405.0119968314 3400599.691719186
553405.020754189 3400599.797933965
553405.8333229106 3400609.6466412647
553407.3700476551 3400619.40918388
553409.5967123298 3400629.0355202216
553412.5135634107 3400638.475780308
553416.0863851603 3400647.6799227586
553420.3153747473 3400656.608051908
553425.2007792032 3400665.2102981256
553430.6738715603 3400673.4464227795
553436.7004371857 3400681.2663847385
553443.2807239692 3400688.620314513
553450.3803191918 3400695.498067353
553457.9650587997 3400701.839628094
42             Groad                              11   
545683.5325839992 3389564.054455063
545674.0742855449 3389565.602996841
545666.4786582122 3389566.844705553
545612.8976763132 3389576.252650433
545563.3831924116 3389586.6954106996
545560.723934017 3389587.3823476657
545560.6916049334 3389587.390633474
545538.7937532219 3389593.034678216
545468.5188171829 3389609.9430863066
545460.4383448671 3389611.8240027092
545382.0161597335 3389631.0867140056
43             Groad                              7    
544320.8703258631 3389879.3068037727
544367.1135070054 3389866.7802711385
544477.1444143844 3389836.972787849
544596.5699593881 3389804.572162589
544631.7938285647 3389795.741408479
544743.8470908199 3389769.4259468806
544767.5677662359 3389763.076945166
44             Groad                              10   
544779.7154061407 3389780.706786785
544738.8583201703 3389791.128681835
544643.4836542637 3389813.5436323946
544636.681064749 3389815.141211191
544601.9062068285 3389823.854119238
544601.5954063344 3389823.9326247065
544482.3772853125 3389856.274204263
544369.4896462165 3389886.914554938
544329.6257425095 3389897.7349477243
544329.3529370064 3389897.8027567347
45             Groad                              9    
545381.0641058158 3389610.159151492
545455.8978395909 3389592.3355059833
545463.9092465001 3389590.4742426337
545533.9425656144 3389573.6246260707
545555.7691216851 3389568.0117432135
545558.8428189228 3389567.2168430183
545609.082511879 3389556.6175461393
545663.1469344236 3389547.1218635985
545679.6485055897 3389544.4290059134
46             Groad                              3    
543340.1286898624 3390204.9140604152
543340.0855152992 3390204.9276286773
543058.3567749057 3390314.1818405823
47             Groad                              5    
543051.8084323074 3390294.674074096
543120.2004353503 3390267.1906279465
543211.5172013207 3390231.1813392
543303.0736897814 3390195.7622480695
543343.1199302605 3390179.5160536575
48             Groad                              3    
548123.3656863204 3393994.1288812063
548156.2280376909 3394005.29528452
548173.6894427148 3394012.9758811216
49             Groad                              2    
548117.2743409183 3394008.77726039
548166.9801473068 3394028.0422642594
50             Groad                              15   
548234.4807985827 3394054.967528967
548391.4548141027 3394123.6887978762
548419.4303136203 3394138.119963676
548529.1156093673 3394194.7011958337
548703.274368678 3394287.1363198115
548709.3956403302 3394290.32651494
548825.066512181 3394350.6109821927
548831.1996284174 3394353.8560490273
548900.0460785262 3394390.2826507976
548930.8960742286 3394406.9503798913
548974.8287574089 3394430.68661542
549067.4606197369 3394480.7342169187
549071.9200583564 3394483.1340686525
549166.2431615691 3394533.894323432
549320.6796669022 3394610.0983450743
51             Groad                              15   
548245.0241753218 3394044.353333311
548271.6727211735 3394056.0750485756
548386.7205843189 3394108.44173087
548399.0970469709 3394114.862809383
548534.2994071722 3394185.0080941385
548600.1977349105 3394219.489761492
548670.7700048432 3394256.41715567
548748.2897592065 3394296.22457728
548802.8768121742 3394324.2557202373
548908.6761723238 3394381.020761382
548992.9042445564 3394426.212077624
549000.165303407 3394430.136967443
549110.3325423982 3394489.686784423
549308.6909980825 3394593.229899969
549320.6796669022 3394610.0983450743
52             Groad                              59   
549320.6796669022 3394610.0983450743
549377.6933473926 3394638.2308197813
549407.2269966288 3394653.918427614
549549.4718449737 3394729.4757821956
549650.7896227723 3394783.8674209416
549775.6005432615 3394850.8711809744
549821.5154204383 3394875.109530518
549864.8293824667 3394897.9747637776
549994.0655262955 3394966.1982104466
550048.0137121615 3394994.6772518475
550052.9057620958 3394997.259733753
550072.2037303135 3395007.4275087225
550311.1685130793 3395133.33372728
550393.4932523463 3395179.9122255077
550431.7705854308 3395201.5690384465
550526.9826188199 3395267.8207653114
550556.6275820206 3395290.1029721573
550587.6803623572 3395313.443279939
550720.1838719293 3395426.9043583944
550742.250367701 3395446.113755318
550864.1920966477 3395552.266942948
551013.3576810416 3395679.6130647934
551136.3400391719 3395787.520119767
551152.4409837812 3395801.2854605205
551207.9874885521 3395848.774336269
551289.3467090705 3395909.81395047
551357.5983051221 3395963.531879109
551363.8161013947 3395968.2893741047
551367.2855787356 3395970.9690730525
551414.691439716 3396007.312413845
551451.6541600099 3396035.6265909467
551479.1404543719 3396055.666766805
551591.7832282919 3396133.8762213374
551601.4063577345 3396140.2460826947
551625.5671785285 3396156.25106355
551638.4911618187 3396164.482048176
551711.6351424393 3396211.0443603666
551753.9169443882 3396237.0612077275
551819.5388247189 3396277.5336933373
551836.8985532012 3396288.150206564
551870.0023407275 3396308.3780974858
551911.0832262217 3396333.359667138
551995.8867684546 3396384.930288476
552015.6486585437 3396396.901475835
552061.1665843911 3396424.4750312106
552084.9544948593 3396438.9033377906
552100.4920504413 3396448.364419241
552125.550142004 3396463.302564729
552212.8360996 3396515.3381548757
552264.2934418106 3396546.957308232
552320.2534976898 3396581.3216074132
552365.8361373057 3396608.5638858476
552468.3089667998 3396669.5322083025
552475.8399868563 3396674.012956827
552534.8630848177 3396709.1913035396
552563.2204596775 3396726.5954194595
552590.8768510793 3396744.211404057
552595.2863310754 3396747.0200155904
552599.6874285421 3396749.545097272
53             Groad                              55   
552599.6874285421 3396749.545097272
552631.1092926578 3396767.5728281783
552783.4163563281 3396860.0532077854
552845.2229023572 3396897.227647607
552882.5153112761 3396919.657947511
552991.4402036418 3396985.9150493746
553064.8392455252 3397041.365199859
553086.3344071244 3397058.7767455536
553092.9215961135 3397065.242700257
553116.6978578956 3397088.440686537
553149.7552027781 3397124.0527378744
553173.350896081 3397148.855821614
553195.1444271313 3397175.555124419
553195.8974608263 3397176.6460490716
553218.1112182764 3397208.9630012545
553247.1206603196 3397254.300193267
553281.8851646355 3397320.8613590566
553303.3673131593 3397368.5053484747
553310.8690846286 3397385.1198291415
553342.4732157218 3397456.203835825
553344.892885642 3397461.831372669
553345.676443503 3397463.7104289876
553377.9472974517 3397539.276321945
553421.5409932799 3397639.315687913
553461.7698585433 3397729.5537343244
553466.5437217668 3397740.060473728
553498.7478369315 3397814.8384895083
553503.6213622747 3397826.083842071
553529.8093949956 3397883.606399319
553580.0899386662 3397997.025445869
553602.4034438656 3398050.2199858907
553634.3835126457 3398123.0381844593
553643.0996609521 3398142.8849088307
553648.3119032956 3398155.2690998325
553677.4074252209 3398223.8780714087
553682.5183201897 3398235.8328804397
553716.358408779 3398312.2485280023
553722.2625239895 3398325.580898886
553756.4944696036 3398414.5933195273
553757.9572375393 3398418.480646334
553767.6310397024 3398448.491889037
553774.0013660663 3398470.477232764
553779.646811613 3398492.6584374877
553784.567530316 3398515.0055798404
553788.7981454399 3398537.4889092576
553792.3041920747 3398560.1082522245
553795.0859244323 3398582.8137376895
553797.1433470177 3398605.605365026
553798.4766142933 3398628.4532115944
553799.0858807364 3398651.327354882
553798.9712509086 3398674.207846582
553798.7210441567 3398681.0337864007
553798.1327794053 3398697.0847126027
553796.5707206891 3398719.9080827404
553794.2506109063 3398742.6777845672
