1              High_speed_Railway                 20   
551439.1389345528 3388326.3647613577
551276.448809689 3388272.1384624573
550612.891304924 3388066.8170130774
550165.7404154685 3387930.824477034
549839.765738623 3387830.279675945
549546.2190752554 3387744.785147136
549441.8450488984 3387714.3936867677
549160.298554856 3387629.194233935
548869.2756764315 3387540.2987787253
548569.7789908185 3387447.1640413185
548336.9301374384 3387372.020314798
548257.7751644365 3387348.8151760837
548178.4451964117 3387326.088597818
548099.0092527209 3387303.8408915135
548019.4328828466 3387282.061931821
547654.8457228997 3387165.1144904867
547220.8993215075 3386999.4815453873
546904.8762582899 3386875.481561616
546052.3952003438 3386566.0040610023
545231.1593389502 3386267.1560241356
