1              Mroad                              25   
548220.1086306707 3386084.970247519
548220.406523753 3386087.3991578016
548224.9156036923 3386124.1641232665
548239.4332920017 3386226.8818729557
548241.0722333346 3386238.5089621367
548255.5119920408 3386335.4314870383
548258.4455541911 3386350.784691827
548261.4921369961 3386364.013932117
548263.873012289 3386371.7744182656
548266.2220541567 3386378.9363199403
548287.9287950334 3386448.113718649
548302.420156605 3386487.1172854565
548306.9893499612 3386499.375905243
548324.4689521834 3386549.1648634453
548331.59753444 3386575.518320088
548342.636887719 3386637.8158377283
548350.5492338785 3386689.4470685585
548358.424800812 3386741.566873811
548360.8717357544 3386757.6460432694
548364.5157676704 3386783.7944007134
548367.7832847725 3386824.6428253134
548372.2984966836 3386887.350001203
548373.9559476644 3386910.17807095
548378.311068278 3386953.941261143
548383.5433300983 3387003.6979229697
