1              Railway                            48   
551475.7499637096 3388294.718433943
551084.9147326325 3388179.526952648
550779.5586042816 3388085.334834332
550349.8692027599 3387956.7478388725
550099.5937899798 3387872.0786282523
549794.2752385496 3387781.066756062
549607.8657732869 3387724.9908113256
549370.3892082552 3387653.5335192992
549110.0473019995 3387578.925273589
548885.1586767647 3387507.486273517
548520.0096542272 3387396.3614779394
548279.2633593687 3387312.226787105
548238.0276978333 3387297.1409843243
548197.0362220644 3387281.4380415636
548156.2544209919 3387265.117802035
548115.75125406 3387248.190545291
548075.5267156326 3387230.6562682954
548035.5462505433 3387212.5247881855
547995.8444029136 3387193.786282085
547956.4211229852 3387174.4507208904
547917.3108666312 3387154.5282288394
547847.3241222535 3387117.562815756
547777.6151574283 3387080.1003954276
547708.1494153659 3387042.150783792
547638.9613948582 3387003.714128736
547573.0625672191 3386962.659291181
547523.266684954 3386931.979004012
547473.8874492454 3386900.65247454
547428.3183110525 3386866.001630932
547383.1999178444 3386830.794420913
547338.5323543934 3386795.0108912354
547294.2809799958 3386758.680806621
547250.5148053637 3386721.804464415
547207.199321763 3386684.381707773
547164.3690340538 3386646.412682268
547121.9893463983 3386607.917179121
547080.0947208746 3386568.905317598
547038.7197508471 3386529.3572949464
546997.8297977883 3386489.302876427
546957.424861144 3386448.7420565924
546922.4892491905 3386412.134953573
546888.0731410513 3386375.0415007873
546854.1418993402 3386337.4914649315
546820.7645407318 3386299.4851410743
546787.8720503333 3386261.022224741
546755.4988940287 3386222.1128349737
546723.6795384537 3386182.7670904556
546719.3512909513 3386177.2611648855
2              Railway                            16   
548938.423988423 3387561.4206752307
548554.037577153 3387464.227474555
548343.7775438419 3387406.306813238
548144.6255878145 3387344.418904781
547922.4640177132 3387278.5639358456
547689.1944352596 3387207.154909325
547626.5131061352 3387183.3518612
547594.7757282016 3387168.2765904986
547543.9960192464 3387137.3326248135
547476.5540757116 3387088.139721265
547393.2435197406 3386998.481749778
547255.9794373927 3386839.794859476
547030.644154515 3386581.928756564
546792.6139078445 3386303.433489027
546733.899761665 3386232.8177689877
546695.7564217082 3386178.695243299
