1              RoadArea                           22   
549088.0865358176 3386710.7122475454
549085.9590517827 3386708.0793856075
549076.7174259096 3386699.090592316
549064.3317551842 3386690.945272436
549050.5255666686 3386684.0502381045
549035.0510106516 3386679.790762298
549018.6678837693 3386678.0306685586
549002.3081559187 3386678.7143510096
548983.4454041537 3386683.466080067
548964.9146967083 3386691.0918787825
548949.2394839688 3386700.6257405854
548931.0194165335 3386715.85324051
548917.1150068444 3386730.601642124
548890.6777503345 3386762.049657639
548879.263219597 3386775.642430147
548871.3878227213 3386784.962406495
548856.7815684514 3386802.330881566
548834.8246703432 3386827.4658018025
548809.3490378668 3386852.405306052
548792.962996678 3386866.5940593714
548775.1561515576 3386882.122908859
548760.7612336824 3386898.604775866
2              RoadArea                           17   
548760.7612336824 3386898.604775866
548781.7478230847 3386897.193607531
548813.4861560599 3386883.7226332426
548831.52335476 3386878.298612679
548862.9225082457 3386871.169749212
548885.9210684986 3386867.443942747
548908.4304049925 3386865.0724386913
548932.8650014852 3386864.275645037
548958.6382856934 3386865.0409379513
548978.2620123378 3386867.4141071658
549006.4619844976 3386873.307230908
549034.521362263 3386879.758337273
549062.440186843 3386886.757451381
549090.2530058735 3386894.2947554267
549117.8907575025 3386902.3799081785
549130.7809044098 3386905.7699658056
549160.4407680888 3386912.0745400465
3              RoadArea                           25   
548639.7009788468 3386667.281004914
548639.7190170268 3386667.2983746296
548662.2239939308 3386688.913934301
548685.3471664707 3386711.1606994243
548694.3090397943 3386721.035579886
548705.555416351 3386736.994985978
548711.7463072013 3386749.1613749177
548715.810612177 3386758.475554955
548719.3844276655 3386769.4232663405
548723.0734607973 3386785.4183729556
548724.9574305137 3386796.1390230064
548725.6201493036 3386809.8463730463
548725.3920524062 3386822.143356219
548724.0932654671 3386834.654931285
548722.557217513 3386846.2178991484
548719.1858029473 3386859.218813999
548716.0774773081 3386867.45331838
548707.7846531991 3386885.199605756
548701.0370192241 3386896.9983644267
548694.9268146012 3386905.1893962487
548686.5014192039 3386914.0980848903
548679.3959601643 3386921.087744922
548673.8494079341 3386926.727973787
548667.8523466408 3386932.795056779
548640.9869874682 3386959.972842608
4              RoadArea                           14   
548445.0273959475 3387005.1708551785
548455.5589429212 3387003.6023767786
548497.4779035929 3386997.37750381
548569.7376200324 3386981.4051166214
548591.8090719722 3386976.5873401742
548599.8570506017 3386974.828277861
548604.0019017122 3386973.9293455747
548622.0071212967 3386967.886442621
548640.9869874682 3386959.972842608
548662.6980798122 3386950.914609495
548675.3876831316 3386945.2367967237
548685.8990942738 3386940.506674091
548731.0813035958 3386914.758253261
548760.7612336824 3386898.604775866
5              RoadArea                           27   
549247.099629522 3386944.4513507523
549210.8840449147 3386915.0924789472
549200.3599968549 3386906.147036239
549191.0482725388 3386898.231914195
549178.1549315087 3386884.6774202357
549162.2862930502 3386862.858055019
549148.7317878177 3386840.046757064
549135.5078913708 3386812.276549313
549122.945118148 3386779.878081022
549108.0682959846 3386741.1981772855
549098.2118181052 3386724.2918130932
549088.0865358176 3386710.7122475454
549096.4375910689 3386733.40135922
549098.4829274603 3386746.4966417532
549098.4657139868 3386757.857021552
549096.899878989 3386768.292737277
549092.081526592 3386780.668563225
549086.9411817204 3386787.976101348
549079.344886656 3386796.589040877
549068.7534341943 3386803.67229938
549057.8249614752 3386808.98862574
549046.7686346842 3386812.070191336
549034.200377835 3386813.7485246523
549021.0542197119 3386813.5092254896
549005.5371296329 3386811.05490021
548981.3054697022 3386805.1299351463
548918.8013877245 3386789.8706155876
