1              Road                               2    
548239.4332920017 3386226.8818729557
548678.6436462549 3386227.171009147
2              Road                               17   
544326.9178791108 3386313.9224824905
544326.758848174 3386425.1820590096
544327.2259584187 3386605.393964483
544328.4176269379 3386785.6088937735
544330.3683642038 3386965.8170155934
544333.009121683 3387146.018047055
544336.408874152 3387326.212272838
544340.5331614955 3387506.3796045375
544339.8504303265 3387563.318366914
544339.92674131 3387620.2702294956
544340.7621644306 3387677.2152447826
544342.3912730827 3387734.1336073326
544344.7450073487 3387791.035007632
544347.8579818488 3387847.8896667124
544351.7646464374 3387904.707701156
544356.3960654255 3387961.468880338
544430.9642734703 3388353.235946762
3              Road                               4    
551622.4141987949 3387845.67156076
551620.9918975672 3387840.2602173244
551619.432166674 3387834.325682991
551616.6390510978 3387819.452101107
4              Road                               22   
551662.3031446708 3387984.3424756248
551656.5781795722 3387974.251038763
551656.5439156498 3387974.201003952
551645.664841988 3387954.769156198
551642.2795819681 3387948.3794737454
551638.9729273069 3387939.9853704623
551635.176632061 3387932.9653518526
551630.5481981989 3387926.789149504
551624.8843327495 3387920.677809407
551620.5309093122 3387914.7123852465
551619.2012408464 3387911.3746615113
551618.1637387532 3387904.667083931
551617.9292851803 3387903.189791328
551617.4279283 3387899.8061635536
551617.4443569653 3387896.375144504
551618.0125972452 3387892.9966383087
551619.0633090036 3387889.740131874
551620.6306615137 3387886.6756077954
551622.6106679669 3387883.9023095323
551625.7750564363 3387878.780791
551625.6529168658 3387875.9659523913
551625.3684938054 3387869.412479358
5              Road                               3    
551625.3684938054 3387869.412479358
551624.7184916416 3387854.4388760333
551622.4141987949 3387845.67156076
6              Road                               16   
549255.3143012428 3386772.730070178
549238.9146878421 3386779.682281182
549229.4928751787 3386787.5287532504
549223.244449606 3386803.2193593113
549222.9266068827 3386804.8137591328
549212.9293565955 3386855.586000456
549205.1171247569 3386888.823838693
549201.6696181644 3386903.2505578417
549200.3599968549 3386906.147036239
549185.0769334682 3386939.9492510045
549170.6754269971 3386972.887763147
549166.2143954213 3386985.035785159
549163.4427427511 3386992.583491753
549163.437501178 3386992.5978748417
549162.0758584108 3386996.334158854
549157.9553127027 3387007.6407062532
7              Road                               22   
551134.6715778455 3388349.4077826254
551130.3855386398 3388354.957884201
551126.2979268588 3388358.39951326
551121.9715028066 3388361.2714863243
551118.2981520798 3388364.6652126485
551112.8144965022 3388371.471478012
551109.201547468 3388376.6807835237
551100.0455409414 3388393.952441165
551095.2741494484 3388403.3553632577
551091.4834166062 3388409.6809331537
551088.4278560233 3388413.7658122187
551083.6089420876 3388418.640263889
551078.7911669387 3388423.27534419
551074.6275994023 3388428.1928020995
551060.4443282695 3388450.647160872
551055.272728794 3388457.145735543
551051.977859232 3388460.770681594
551046.1242272522 3388465.580403748
551032.7974031897 3388474.7732756105
551026.7717061661 3388479.4924262646
551023.8590580653 3388482.5506655513
551022.5536825137 3388484.6665350064
8              Road                               9    
549651.963953736 3389675.608325316
549649.8091345206 3389675.0804520077
549637.8808601882 3389673.329885653
549593.679388961 3389667.879931389
549549.9569404413 3389663.280161955
549508.3732511128 3389658.7003732887
549484.7878367627 3389656.238121426
549436.5846643936 3389650.7405116246
549418.1760814579 3389648.7314931755
9              Road                               28   
549641.3089779587 3389311.9011031897
549630.7615373593 3389309.1323478273
549615.8682301947 3389306.879425241
549597.7655883224 3389304.8212057543
549584.0089770802 3389302.952576053
549567.1519421677 3389300.1022120314
549555.4957416932 3389299.1110291253
549546.1113993812 3389299.2274573212
549540.8653711621 3389299.692066199
549533.5104837687 3389301.114470681
549527.8082735512 3389303.2526384904
549521.2348922701 3389307.2818853245
549516.0404024979 3389311.546877392
549508.2792785347 3389318.792309743
549499.5865229525 3389326.0733638755
549492.1463065621 3389331.05615993
549479.3075765311 3389339.664690681
549469.1018276577 3389345.871591626
549466.0160377993 3389349.218697591
549463.6515107251 3389353.2673030174
549461.661934539 3389358.3050666843
549453.4657565849 3389385.187554616
549451.4427911724 3389389.985788415
549449.9483792944 3389392.372714846
549447.2805240486 3389394.8639711463
549446.1385114833 3389395.63671027
549444.4773318563 3389396.7761088684
549428.2264604736 3389404.7007757057
10             Road                               4    
551474.4198029916 3388256.665785099
551479.8876834773 3388268.5539030475
551482.2679834659 3388277.1229597065
551482.7833399731 3388283.017912244
11             Road                               10   
551474.4198029916 3388256.665785099
551475.373431837 3388250.562740014
551480.2398387906 3388234.6940994696
551492.9347277862 3388205.0725231934
551504.7833825876 3388182.8563619144
551516.2087967722 3388166.987717485
551524.248924821 3388158.7359881764
551537.3922135929 3388151.257165732
551545.4495671311 3388145.802610955
551575.3132166987 3388129.0683568004
12             Road                               4    
551468.2006088847 3388307.279479668
551468.6637693971 3388306.3439019904
551471.141721935 3388277.6453290754
551474.4198029916 3388256.665785099
13             Road                               29   
549766.2272549507 3388669.4662859184
549776.0694854582 3388682.401492861
549776.4810964867 3388682.92204727
549778.8870294333 3388686.1078057336
549784.471021756 3388693.5015794868
549807.7909109558 3388724.000421919
549818.0426304236 3388737.8719143136
549827.8982178494 3388755.332262738
549840.4788743955 3388780.355620474
549846.2873079327 3388792.62071102
549849.1459697372 3388801.141844856
549852.3892374551 3388816.018263328
549854.787975037 3388834.4615056333
549855.903036129 3388839.5335095567
549857.9503352216 3388844.4502410567
549860.6934011966 3388848.123429103
549865.1640039696 3388851.2560358373
549869.643650825 3388852.433761718
549876.1968974564 3388852.8431063904
549884.1335141447 3388852.5307489987
549892.8291777053 3388852.2119376096
549897.8281225053 3388853.0030894424
549901.9274339525 3388854.358601643
549905.9142835106 3388857.6485711397
549922.2717755762 3388871.6481892103
549932.553383444 3388879.006845318
549937.1207969646 3388883.576202594
549941.7102723004 3388890.8286989206
549943.5717910612 3388894.7742171204
14             Road                               73   
548678.6436462549 3386227.171009147
548684.2190475159 3386227.174672553
548748.0183484551 3386221.2988550137
548829.6623735944 3386222.28653602
548856.8951763914 3386221.15312153
548865.692554807 3386221.691675263
548871.757443838 3386223.6142226476
548878.0539462263 3386227.7321145656
548885.7798598973 3386236.2550457506
548889.3488358994 3386240.6598048233
548889.8747940713 3386246.43716538
548890.1679186944 3386250.288478438
548895.1268155528 3386260.1952429903
548897.8854148109 3386275.886960207
548898.4125871065 3386281.3950276324
548898.1510897313 3386285.7923997887
548896.5004492321 3386292.1284149988
548896.2251625444 3386299.567811135
548897.5780874196 3386305.618220999
548899.8037061454 3386309.4683215874
548901.7274777637 3386311.3920617425
548913.536571371 3386317.4400146715
548924.3029454678 3386325.1289701015
548930.5968344422 3386329.805429872
548936.9202482492 3386335.579173435
548955.3591129082 3386355.920154347
548974.6165427164 3386370.76918045
548984.2220087624 3386375.7100612572
548995.5071612832 3386383.122172763
549002.9310446415 3386389.7188283177
549006.2508438119 3386395.7781900954
549005.9542286745 3386407.895321625
549007.3115841557 3386420.548593492
549008.712669995 3386423.577099125
549010.6426561497 3386424.124468025
549015.5736368344 3386424.9448004365
549024.6493984873 3386424.9361789576
549029.6136614252 3386426.0259686518
549030.9519818687 3386427.677772032
549031.0034504636 3386431.537966357
549031.7991257705 3386438.692982986
549033.7423497092 3386443.9182494734
549034.5467735534 3386449.14831303
549033.4689662671 3386458.5090536256
549031.8227158741 3386471.457871215
549032.9230647968 3386510.2719357987
549036.4958298953 3386528.989539979
549038.9661194348 3386539.7228855686
549043.0990601885 3386549.0773980864
549053.5414188693 3386567.237780253
549065.3621482917 3386578.2330948142
549073.882595961 3386586.480512872
549079.3970464545 3386595.562053291
549080.5120452704 3386600.783561254
549079.6945511745 3386606.016223026
549077.2081428514 3386614.00410521
549074.7191965808 3386622.5505238646
549073.6426390703 3386631.6319949934
549073.3389894301 3386637.694842595
549076.9517594661 3386647.595577041
549090.4062904269 3386678.6861181348
549120.1283496493 3386729.310157252
549142.6612776894 3386767.274358819
549149.8024772322 3386775.246257963
549155.3086254629 3386778.54284705
549158.896131021 3386778.818525381
549161.1046450684 3386778.808644737
549170.7002570496 3386778.2439735373
549181.1547603 3386778.5110751484
549188.8374065874 3386781.2490858943
549197.1016106708 3386785.096876463
549208.3836376397 3386793.0677584377
549222.9266068827 3386804.8137591328
